# generated by PrusaSlicer 2.3.0 on 2021-03-12 at 15:55:16 UTC
bed_custom_model = 
bed_custom_texture = 
bed_shape = 94.6385x8.2798,93.5567x16.4966,91.763x24.5878,89.2708x32.4919,86.0992x40.1487,82.2724x47.5,77.8194x54.4898,72.7742x61.0648,67.1751x67.1751,61.0648x72.7742,54.4898x77.8194,47.5x82.2724,40.1487x86.0992,32.4919x89.2708,24.5878x91.763,16.4966x93.5567,8.2798x94.6385,5.81707e-15x95,-8.2798x94.6385,-16.4966x93.5567,-24.5878x91.763,-32.4919x89.2708,-40.1487x86.0992,-47.5x82.2724,-54.4898x77.8194,-61.0648x72.7742,-67.1751x67.1751,-72.7742x61.0648,-77.8194x54.4898,-82.2724x47.5,-86.0992x40.1487,-89.2708x32.4919,-91.763x24.5878,-93.5567x16.4966,-94.6385x8.2798,-95x1.16341e-14,-94.6385x-8.2798,-93.5567x-16.4966,-91.763x-24.5878,-89.2708x-32.4919,-86.0992x-40.1487,-82.2724x-47.5,-77.8194x-54.4898,-72.7742x-61.0648,-67.1751x-67.1751,-61.0648x-72.7742,-54.4898x-77.8194,-47.5x-82.2724,-40.1487x-86.0992,-32.4919x-89.2708,-24.5878x-91.763,-16.4966x-93.5567,-8.2798x-94.6385,-1.74512e-14x-95,8.2798x-94.6385,16.4966x-93.5567,24.5878x-91.763,32.4919x-89.2708,40.1487x-86.0992,47.5x-82.2724,54.4898x-77.8194,61.0648x-72.7742,67.1751x-67.1751,72.7742x-61.0648,77.8194x-54.4898,82.2724x-47.5,86.0992x-40.1487,89.2708x-32.4919,91.763x-24.5878,93.5567x-16.4966,94.6385x-8.2798,95x-2.32683e-14
before_layer_gcode = 
between_objects_gcode = 
color_change_gcode = M600
cooling_tube_length = 5
cooling_tube_retraction = 91.5
default_filament_profile = 
default_print_profile = 
deretract_speed = 0
end_gcode = M104 S0 ; turn off temperature\nM140 S0\nG28 X0  ; home X axis\nM84     ; disable motors\n
extra_loading_move = -2
extruder_colour = ""
extruder_offset = 0x0
gcode_flavor = marlin
high_current_on_filament_swap = 0
host_type = octoprint
inherits = 
layer_gcode = 
machine_limits_usage = time_estimate_only
machine_max_acceleration_e = 1000,5000
machine_max_acceleration_extruding = 500,1250
machine_max_acceleration_retracting = 500,1250
machine_max_acceleration_x = 1000,1000
machine_max_acceleration_y = 1000,1000
machine_max_acceleration_z = 1000,200
machine_max_feedrate_e = 25,120
machine_max_feedrate_x = 500,200
machine_max_feedrate_y = 500,200
machine_max_feedrate_z = 500,12
machine_max_jerk_e = 5,2.5
machine_max_jerk_x = 11,10
machine_max_jerk_y = 11,10
machine_max_jerk_z = 11,0.4
machine_min_extruding_rate = 0,0
machine_min_travel_rate = 0,0
max_layer_height = 0
max_print_height = 200
min_layer_height = 0.07
nozzle_diameter = 0.4
parking_pos_retraction = 92
pause_print_gcode = M601
print_host = 
printer_model = 
printer_notes = 
printer_settings_id = 
printer_technology = FFF
printer_variant = 
printer_vendor = 
printhost_apikey = 
printhost_cafile = 
remaining_times = 0
retract_before_travel = 2
retract_before_wipe = 0%
retract_layer_change = 0
retract_length = 4
retract_length_toolchange = 10
retract_lift = 0
retract_lift_above = 0
retract_lift_below = 0
retract_restart_extra = 0
retract_restart_extra_toolchange = 0
retract_speed = 40
silent_mode = 1
single_extruder_multi_material = 0
start_gcode = G28 ; home all axes\nG1 Z5 F5000 ; lift nozzle\n
template_custom_gcode = 
thumbnails = 
toolchange_gcode = 
use_firmware_retraction = 0
use_relative_e_distances = 0
use_volumetric_e = 0
variable_layer_height = 1
wipe = 1
z_offset = 0
